31000
31000
30872
31000
31000
29533
29525
29828
29356
29454
29638
29519
29516
29493
30737
30596
30226
29703
29421
29426
29361
29825
29564
29663
29755
29315
29435
29411
29567
29685
29567
29667
29352
29244
29150
29103
29816
29780
29517
29272
29245
29133
29475
29281
29000
29071
29227
29514
29318
29298
30844
30819
30725
30904
30547
30683
30895
30899
30976
30647
30480
30180
29803
29563
29629
29955
29641
29513
29544
29257
29601
29628
29280
29357
29469
29403
29285
29100
29000
29075
29188
29188
29432
29149
29132
